0.000000,10.000000,10.000000
0.001000,10.007202,10.007200
0.002000,10.014409,10.014405
0.003000,10.021621,10.021614
0.004000,10.028837,10.028828
0.005000,10.036058,10.036046
0.006000,10.043283,10.043269
0.007000,10.050513,10.050497
0.008000,10.057748,10.057729
0.009000,10.064987,10.064966
0.010000,10.072231,10.072208
0.011000,10.079479,10.079454
0.012000,10.086732,10.086705
0.013000,10.093990,10.093960
0.014000,10.101253,10.101220
0.015000,10.108520,10.108485
0.016000,10.115791,10.115754
0.017000,10.123068,10.123028
0.018000,10.130349,10.130307
0.019000,10.137634,10.137590
0.020000,10.144924,10.144878
0.021000,10.152219,10.152170
0.022000,10.159519,10.159468
0.023000,10.166823,10.166769
0.024000,10.174132,10.174076
0.025000,10.181446,10.181387
0.026000,10.188764,10.188703
0.027000,10.196087,10.196023
0.028000,10.203414,10.203349
0.029000,10.210746,10.210678
0.030000,10.218083,10.218013
0.031000,10.225425,10.225352
0.032000,10.232771,10.232696
0.033000,10.240122,10.240044
0.034000,10.247477,10.247398
0.035000,10.254838,10.254755
0.036000,10.262202,10.262118
0.037000,10.269572,10.269485
0.038000,10.276946,10.276857
0.039000,10.284325,10.284234
0.040000,10.291709,10.291615
0.041000,10.299097,10.299001
0.042000,10.306490,10.306391
0.043000,10.313888,10.313787
0.044000,10.321291,10.321187
0.045000,10.328698,10.328592
0.046000,10.336110,10.336001
0.047000,10.343526,10.343415
0.048000,10.350947,10.350834
0.049000,10.358373,10.358257
0.050000,10.365804,10.365686
0.051000,10.373239,10.373119
0.052000,10.380680,10.380556
0.053000,10.388124,10.387999
0.054000,10.395574,10.395446
0.055000,10.403028,10.402898
0.056000,10.410487,10.410354
0.057000,10.417951,10.417816
0.058000,10.425419,10.425282
0.059000,10.432893,10.432752
0.060000,10.440371,10.440228
0.061000,10.447853,10.447708
0.062000,10.455341,10.455193
0.063000,10.462833,10.462683
0.064000,10.470330,10.470177
0.065000,10.477831,10.477676
0.066000,10.485338,10.485180
0.067000,10.492849,10.492689
0.068000,10.500365,10.500202
0.069000,10.507885,10.507720
0.070000,10.515411,10.515243
0.071000,10.522941,10.522771
0.072000,10.530475,10.530303
0.073000,10.538015,10.537840
0.074000,10.545560,10.545382
0.075000,10.553109,10.552929
0.076000,10.560663,10.560480
0.077000,10.568221,10.568036
0.078000,10.575785,10.575597
0.079000,10.583353,10.583163
0.080000,10.590926,10.590734
0.081000,10.598504,10.598309
0.082000,10.606086,10.605889
0.083000,10.613674,10.613474
0.084000,10.621266,10.621063
0.085000,10.628863,10.628658
0.086000,10.636464,10.636257
0.087000,10.644071,10.643861
0.088000,10.651682,10.651470
0.089000,10.659298,10.659083
0.090000,10.666919,10.666702
0.091000,10.674545,10.674325
0.092000,10.682175,10.681953
0.093000,10.689811,10.689585
0.094000,10.697451,10.697223
0.095000,10.705096,10.704865
0.096000,10.712745,10.712512
0.097000,10.720400,10.720164
0.098000,10.728059,10.727821
0.099000,10.735723,10.735483
0.100000,10.743392,10.743149
0.101000,10.751066,10.750820
0.102000,10.758744,10.758496
0.103000,10.766428,10.766177
0.104000,10.774116,10.773863
0.105000,10.781809,10.781553
0.106000,10.789507,10.789248
0.107000,10.797210,10.796949
0.108000,10.804917,10.804654
0.109000,10.812630,10.812363
0.110000,10.820347,10.820078
0.111000,10.828069,10.827797
0.112000,10.835796,10.835522
0.113000,10.843528,10.843251
0.114000,10.851264,10.850985
0.115000,10.859006,10.858724
0.116000,10.866752,10.866467
0.117000,10.874503,10.874216
0.118000,10.882259,10.881969
0.119000,10.890020,10.889728
0.120000,10.897786,10.897491
0.121000,10.905556,10.905259
0.122000,10.913332,10.913031
0.123000,10.921112,10.920809
0.124000,10.928897,10.928592
0.125000,10.936687,10.936379
0.126000,10.944482,10.944171
0.127000,10.952282,10.951968
0.128000,10.960086,10.959770
0.129000,10.967896,10.967577
0.130000,10.975710,10.975389
0.131000,10.983530,10.983206
0.132000,10.991354,10.991027
0.133000,10.999183,10.998854
0.134000,11.007017,11.006685
0.135000,11.014856,11.014521
0.136000,11.022699,11.022362
0.137000,11.030548,11.030208
0.138000,11.038401,11.038059
0.139000,11.046260,11.045915
0.140000,11.054123,11.053775
0.141000,11.061991,11.061641
0.142000,11.069864,11.069511
0.143000,11.077742,11.077387
0.144000,11.085625,11.085267
0.145000,11.093513,11.093152
0.146000,11.101406,11.101042
0.147000,11.109303,11.108937
0.148000,11.117206,11.116837
0.149000,11.125114,11.124742
0.150000,11.133026,11.132651
0.151000,11.140943,11.140566
0.152000,11.148866,11.148486
0.153000,11.156793,11.156410
0.154000,11.164725,11.164340
0.155000,11.172662,11.172274
0.156000,11.180604,11.180213
0.157000,11.188551,11.188157
0.158000,11.196503,11.196106
0.159000,11.204459,11.204061
0.160000,11.212421,11.212020
0.161000,11.220388,11.219983
0.162000,11.228359,11.227952
0.163000,11.236336,11.235926
0.164000,11.244317,11.243905
0.165000,11.252304,11.251889
0.166000,11.260295,11.259877
0.167000,11.268292,11.267871
0.168000,11.276293,11.275870
0.169000,11.284299,11.283873
0.170000,11.292310,11.291882
0.171000,11.300327,11.299895
0.172000,11.308348,11.307913
0.173000,11.316374,11.315937
0.174000,11.324405,11.323965
0.175000,11.332441,11.331998
0.176000,11.340482,11.340037
0.177000,11.348528,11.348080
0.178000,11.356579,11.356128
0.179000,11.364635,11.364181
0.180000,11.372696,11.372240
0.181000,11.380762,11.380303
0.182000,11.388833,11.388371
0.183000,11.396909,11.396444
0.184000,11.404990,11.404522
0.185000,11.413076,11.412605
0.186000,11.421167,11.420693
0.187000,11.429262,11.428787
0.188000,11.437363,11.436885
0.189000,11.445469,11.444988
0.190000,11.453580,11.453096
0.191000,11.461696,11.461209
0.192000,11.469817,11.469327
0.193000,11.477943,11.477450
0.194000,11.486074,11.485578
0.195000,11.494210,11.493711
0.196000,11.502351,11.501849
0.197000,11.510497,11.509993
0.198000,11.518648,11.518141
0.199000,11.526804,11.526294
0.200000,11.534965,11.534452
0.201000,11.543131,11.542615
0.202000,11.551302,11.550784
0.203000,11.559478,11.558957
0.204000,11.567659,11.567135
0.205000,11.575845,11.575318
0.206000,11.584036,11.583507
0.207000,11.592232,11.591700
0.208000,11.600434,11.599899
0.209000,11.608640,11.608102
0.210000,11.616851,11.616311
0.211000,11.625068,11.624524
0.212000,11.633289,11.632743
0.213000,11.641516,11.640966
0.214000,11.649747,11.649195
0.215000,11.657984,11.657429
0.216000,11.666225,11.665667
0.217000,11.674472,11.673911
0.218000,11.682724,11.682160
0.219000,11.690981,11.690414
0.220000,11.699243,11.698673
0.221000,11.707510,11.706937
0.222000,11.715782,11.715206
0.223000,11.724059,11.723481
0.224000,11.732341,11.731760
0.225000,11.740628,11.740044
0.226000,11.748920,11.748334
0.227000,11.757218,11.756628
0.228000,11.765520,11.764928
0.229000,11.773828,11.773232
0.230000,11.782140,11.781542
0.231000,11.790458,11.789857
0.232000,11.798781,11.798177
0.233000,11.807109,11.806502
0.234000,11.815442,11.814832
0.235000,11.823780,11.823167
0.236000,11.832123,11.831507
0.237000,11.840471,11.839852
0.238000,11.848825,11.848203
0.239000,11.857183,11.856558
0.240000,11.865547,11.864919
0.241000,11.873915,11.873285
0.242000,11.882289,11.881655
0.243000,11.890668,11.890031
0.244000,11.899052,11.898412
0.245000,11.907441,11.906799
0.246000,11.915835,11.915190
0.247000,11.924234,11.923586
0.248000,11.932639,11.931988
0.249000,11.941048,11.940394
0.250000,11.949463,11.948806
0.251000,11.957883,11.957223
0.252000,11.966308,11.965645
0.253000,11.974738,11.974072
0.254000,11.983173,11.982504
0.255000,11.991614,11.990942
0.256000,12.000059,11.999384
0.257000,12.008510,12.007832
0.258000,12.016965,12.016284
0.259000,12.025426,12.024742
0.260000,12.033892,12.033205
0.261000,12.042363,12.041674
0.262000,12.050840,12.050147
0.263000,12.059321,12.058625
0.264000,12.067808,12.067109
0.265000,12.076300,12.075598
0.266000,12.084797,12.084092
0.267000,12.093299,12.092591
0.268000,12.101806,12.101095
0.269000,12.110318,12.109604
0.270000,12.118836,12.118119
0.271000,12.127358,12.126639
0.272000,12.135886,12.135163
0.273000,12.144419,12.143693
0.274000,12.152958,12.152229
0.275000,12.161501,12.160769
0.276000,12.170050,12.169315
0.277000,12.178603,12.177865
0.278000,12.187162,12.186421
0.279000,12.195726,12.194982
0.280000,12.204296,12.203549
0.281000,12.212870,12.212120
0.282000,12.221450,12.220697
0.283000,12.230035,12.229278
0.284000,12.238625,12.237865
0.285000,12.247220,12.246457
0.286000,12.255820,12.255055
0.287000,12.264426,12.263657
0.288000,12.273037,12.272265
0.289000,12.281653,12.280878
0.290000,12.290274,12.289496
0.291000,12.298900,12.298120
0.292000,12.307532,12.306748
0.293000,12.316169,12.315382
0.294000,12.324811,12.324021
0.295000,12.333458,12.332665
0.296000,12.342111,12.341314
0.297000,12.350768,12.349969
0.298000,12.359431,12.358629
0.299000,12.368099,12.367294
0.300000,12.376773,12.375964
0.301000,12.385451,12.384639
0.302000,12.394135,12.393320
0.303000,12.402824,12.402006
0.304000,12.411518,12.410697
0.305000,12.420218,12.419394
0.306000,12.428922,12.428095
0.307000,12.437632,12.436802
0.308000,12.446347,12.445514
0.309000,12.455068,12.454231
0.310000,12.463793,12.462954
0.311000,12.472524,12.471682
0.312000,12.481260,12.480415
0.313000,12.490002,12.489153
0.314000,12.498748,12.497896
0.315000,12.507500,12.506645
0.316000,12.516257,12.515399
0.317000,12.525020,12.524158
0.318000,12.533788,12.532923
0.319000,12.542560,12.541692
0.320000,12.551339,12.550467
0.321000,12.560122,12.559248
0.322000,12.568911,12.568033
0.323000,12.577705,12.576824
0.324000,12.586504,12.585620
0.325000,12.595308,12.594421
0.326000,12.604118,12.603228
0.327000,12.612933,12.612040
0.328000,12.621753,12.620857
0.329000,12.630579,12.629679
0.330000,12.639410,12.638507
0.331000,12.648246,12.647340
0.332000,12.657087,12.656178
0.333000,12.665934,12.665022
0.334000,12.674786,12.673871
0.335000,12.683643,12.682725
0.336000,12.692506,12.691584
0.337000,12.701374,12.700449
0.338000,12.710247,12.709319
0.339000,12.719125,12.718194
0.340000,12.728009,12.727074
0.341000,12.736898,12.735960
0.342000,12.745792,12.744851
0.343000,12.754692,12.753748
0.344000,12.763597,12.762649
0.345000,12.772507,12.771557
0.346000,12.781423,12.780469
0.347000,12.790344,12.789387
0.348000,12.799270,12.798309
0.349000,12.808201,12.807238
0.350000,12.817138,12.816171
0.351000,12.826080,12.825110
0.352000,12.835028,12.834054
0.353000,12.843981,12.843004
0.354000,12.852939,12.851959
0.355000,12.861902,12.860919
0.356000,12.870871,12.869885
0.357000,12.879845,12.878855
0.358000,12.888824,12.887832
0.359000,12.897809,12.896813
0.360000,12.906799,12.905800
0.361000,12.915795,12.914792
0.362000,12.924795,12.923790
0.363000,12.933801,12.932792
0.364000,12.942813,12.941801
0.365000,12.951830,12.950814
0.366000,12.960852,12.959833
0.367000,12.969879,12.968857
0.368000,12.978912,12.977887
0.369000,12.987950,12.986922
0.370000,12.996994,12.995962
0.371000,13.006043,13.005007
0.372000,13.015097,13.014058
0.373000,13.024157,13.023115
0.374000,13.033222,13.032176
0.375000,13.042292,13.041243
0.376000,13.051368,13.050316
0.377000,13.060449,13.059394
0.378000,13.069535,13.068477
0.379000,13.078627,13.077565
0.380000,13.087724,13.086659
0.381000,13.096827,13.095758
0.382000,13.105935,13.104863
0.383000,13.115048,13.113973
0.384000,13.124167,13.123088
0.385000,13.133291,13.132209
0.386000,13.142420,13.141335
0.387000,13.151555,13.150467
0.388000,13.160695,13.159604
0.389000,13.169841,13.168746
0.390000,13.178992,13.177894
0.391000,13.188148,13.187047
0.392000,13.197310,13.196205
0.393000,13.206477,13.205369
0.394000,13.215650,13.214538
0.395000,13.224828,13.223713
0.396000,13.234011,13.232893
0.397000,13.243200,13.242078
0.398000,13.252394,13.251269
0.399000,13.261594,13.260465
0.400000,13.270799,13.269667
0.401000,13.280009,13.278874
0.402000,13.289225,13.288087
0.403000,13.298447,13.297304
0.404000,13.307673,13.306528
0.405000,13.316905,13.315756
0.406000,13.326143,13.324991
0.407000,13.335386,13.334230
0.408000,13.344634,13.343475
0.409000,13.353888,13.352726
0.410000,13.363147,13.361981
0.411000,13.372412,13.371243
0.412000,13.381682,13.380509
0.413000,13.390957,13.389781
0.414000,13.400238,13.399059
0.415000,13.409525,13.408342
0.416000,13.418816,13.417630
0.417000,13.428114,13.426924
0.418000,13.437416,13.436223
0.419000,13.446725,13.445528
0.420000,13.456038,13.454838
0.421000,13.465357,13.464154
0.422000,13.474682,13.473475
0.423000,13.484012,13.482801
0.424000,13.493347,13.492133
0.425000,13.502688,13.501471
0.426000,13.512034,13.510814
0.427000,13.521386,13.520162
0.428000,13.530743,13.529516
0.429000,13.540106,13.538875
0.430000,13.549474,13.548240
0.431000,13.558848,13.557610
0.432000,13.568227,13.566985
0.433000,13.577611,13.576367
0.434000,13.587001,13.585753
0.435000,13.596397,13.595145
0.436000,13.605798,13.604543
0.437000,13.615204,13.613946
0.438000,13.624616,13.623354
0.439000,13.634033,13.632768
0.440000,13.643456,13.642187
0.441000,13.652885,13.651612
0.442000,13.662318,13.661043
0.443000,13.671758,13.670478
0.444000,13.681203,13.679920
0.445000,13.690653,13.689367
0.446000,13.700109,13.698819
0.447000,13.709570,13.708277
0.448000,13.719037,13.717740
0.449000,13.728509,13.727209
0.450000,13.737987,13.736683
0.451000,13.747470,13.746163
0.452000,13.756959,13.755648
0.453000,13.766453,13.765139
0.454000,13.775953,13.774635
0.455000,13.785458,13.784137
0.456000,13.794969,13.793644
0.457000,13.804485,13.803157
0.458000,13.814007,13.812675
0.459000,13.823535,13.822199
0.460000,13.833067,13.831728
0.461000,13.842606,13.841263
0.462000,13.852150,13.850804
0.463000,13.861699,13.860349
0.464000,13.871254,13.869901
0.465000,13.880815,13.879458
0.466000,13.890381,13.889020
0.467000,13.899952,13.898588
0.468000,13.909529,13.908162
0.469000,13.919112,13.917741
0.470000,13.928700,13.927325
0.471000,13.938293,13.936915
0.472000,13.947893,13.946511
0.473000,13.957497,13.956112
0.474000,13.967108,13.965719
0.475000,13.976724,13.975331
0.476000,13.986345,13.984949
0.477000,13.995972,13.994572
0.478000,14.005604,14.004201
0.479000,14.015242,14.013836
0.480000,14.024886,14.023476
0.481000,14.034535,14.033121
0.482000,14.044190,14.042772
0.483000,14.053850,14.052429
0.484000,14.063516,14.062091
0.485000,14.073187,14.071759
0.486000,14.082864,14.081432
0.487000,14.092546,14.091111
0.488000,14.102234,14.100795
0.489000,14.111928,14.110485
0.490000,14.121627,14.120181
0.491000,14.131332,14.129882
0.492000,14.141042,14.139589
0.493000,14.150758,14.149301
0.494000,14.160479,14.159019
0.495000,14.170206,14.168742
0.496000,14.179939,14.178471
0.497000,14.189677,14.188206
0.498000,14.199421,14.197946
0.499000,14.209170,14.207691
0.500000,14.218925,14.217443
0.501000,14.228686,14.227200
0.502000,14.238452,14.236962
0.503000,14.248223,14.246730
0.504000,14.258001,14.256504
0.505000,14.267784,14.266283
0.506000,14.277572,14.276068
0.507000,14.287366,14.285858
0.508000,14.297166,14.295654
0.509000,14.306971,14.305456
0.510000,14.316782,14.315263
0.511000,14.326598,14.325076
0.512000,14.336420,14.334894
0.513000,14.346248,14.344718
0.514000,14.356081,14.354548
0.515000,14.365920,14.364383
0.516000,14.375765,14.374224
0.517000,14.385615,14.384070
0.518000,14.395471,14.393922
0.519000,14.405332,14.403780
0.520000,14.415199,14.413643
0.521000,14.425072,14.423512
0.522000,14.434950,14.433387
0.523000,14.444834,14.443267
0.524000,14.454723,14.453152
0.525000,14.464618,14.463044
0.526000,14.474519,14.472941
0.527000,14.484425,14.482843
0.528000,14.494337,14.492752
0.529000,14.504255,14.502666
0.530000,14.514178,14.512585
0.531000,14.524107,14.522510
0.532000,14.534041,14.532441
0.533000,14.543981,14.542377
0.534000,14.553927,14.552319
0.535000,14.563879,14.562267
0.536000,14.573836,14.572220
0.537000,14.583798,14.582179
0.538000,14.593767,14.592144
0.539000,14.603741,14.602114
0.540000,14.613721,14.612090
0.541000,14.623706,14.622072
0.542000,14.633697,14.632059
0.543000,14.643693,14.642052
0.544000,14.653696,14.652050
0.545000,14.663704,14.662055
0.546000,14.673717,14.672064
0.547000,14.683737,14.682080
0.548000,14.693761,14.692101
0.549000,14.703792,14.702128
0.550000,14.713828,14.712160
0.551000,14.723870,14.722199
0.552000,14.733918,14.732242
0.553000,14.743971,14.742292
0.554000,14.754030,14.752347
0.555000,14.764095,14.762408
0.556000,14.774165,14.772474
0.557000,14.784241,14.782546
0.558000,14.794322,14.792624
0.559000,14.804410,14.802708
0.560000,14.814503,14.812797
0.561000,14.824602,14.822892
0.562000,14.834706,14.832993
0.563000,14.844816,14.843099
0.564000,14.854932,14.853211
0.565000,14.865053,14.863328
0.566000,14.875180,14.873452
0.567000,14.885313,14.883581
0.568000,14.895452,14.893715
0.569000,14.905596,14.903856
0.570000,14.915746,14.914002
0.571000,14.925901,14.924154
0.572000,14.936063,14.934311
0.573000,14.946230,14.944474
0.574000,14.956402,14.954643
0.575000,14.966581,14.964818
0.576000,14.976765,14.974998
0.577000,14.986955,14.985184
0.578000,14.997150,14.995376
0.579000,15.007352,15.005573
0.580000,15.017559,15.015776
0.581000,15.027771,15.025985
0.582000,15.037990,15.036200
0.583000,15.048214,15.046420
0.584000,15.058444,15.056646
0.585000,15.068679,15.066878
0.586000,15.078920,15.077115
0.587000,15.089167,15.087358
0.588000,15.099420,15.097607
0.589000,15.109679,15.107862
0.590000,15.119943,15.118122
0.591000,15.130213,15.128388
0.592000,15.140488,15.138660
0.593000,15.150770,15.148937
0.594000,15.161057,15.159220
0.595000,15.171350,15.169509
0.596000,15.181648,15.179804
0.597000,15.191953,15.190104
0.598000,15.202263,15.200411
0.599000,15.212579,15.210723
0.600000,15.222900,15.221040
0.601000,15.233227,15.231364
0.602000,15.243560,15.241693
0.603000,15.253899,15.252028
0.604000,15.264244,15.262368
0.605000,15.274594,15.272715
0.606000,15.284950,15.283067
0.607000,15.295312,15.293425
0.608000,15.305679,15.303788
0.609000,15.316053,15.314158
0.610000,15.326432,15.324533
0.611000,15.336817,15.334914
0.612000,15.347207,15.345300
0.613000,15.357604,15.355693
0.614000,15.368006,15.366091
0.615000,15.378414,15.376495
0.616000,15.388827,15.386905
0.617000,15.399247,15.397320
0.618000,15.409672,15.407741
0.619000,15.420103,15.418168
0.620000,15.430540,15.428601
0.621000,15.440982,15.439040
0.622000,15.451430,15.449484
0.623000,15.461884,15.459934
0.624000,15.472344,15.470390
0.625000,15.482810,15.480852
0.626000,15.493281,15.491319
0.627000,15.503758,15.501792
0.628000,15.514241,15.512271
0.629000,15.524730,15.522756
0.630000,15.535225,15.533246
0.631000,15.545725,15.543743
0.632000,15.556231,15.554245
0.633000,15.566743,15.564753
0.634000,15.577261,15.575267
0.635000,15.587784,15.585786
0.636000,15.598314,15.596311
0.637000,15.608849,15.606842
0.638000,15.619390,15.617379
0.639000,15.629936,15.627922
0.640000,15.640489,15.638471
0.641000,15.651047,15.649025
0.642000,15.661611,15.659585
0.643000,15.672181,15.670151
0.644000,15.682757,15.680722
0.645000,15.693338,15.691300
0.646000,15.703926,15.701883
0.647000,15.714519,15.712472
0.648000,15.725118,15.723067
0.649000,15.735722,15.733668
0.650000,15.746333,15.744275
0.651000,15.756949,15.754887
0.652000,15.767572,15.765505
0.653000,15.778200,15.776129
0.654000,15.788834,15.786759
0.655000,15.799473,15.797395
0.656000,15.810119,15.808036
0.657000,15.820770,15.818683
0.658000,15.831427,15.829336
0.659000,15.842090,15.839995
0.660000,15.852759,15.850660
0.661000,15.863434,15.861331
0.662000,15.874114,15.872007
0.663000,15.884800,15.882689
0.664000,15.895493,15.893377
0.665000,15.906191,15.904071
0.666000,15.916894,15.914771
0.667000,15.927604,15.925477
0.668000,15.938320,15.936188
0.669000,15.949041,15.946905
0.670000,15.959768,15.957628
0.671000,15.970501,15.968357
0.672000,15.981240,15.979092
0.673000,15.991985,15.989833
0.674000,16.002735,16.000579
0.675000,16.013492,16.011331
0.676000,16.024254,16.022090
0.677000,16.035022,16.032854
0.678000,16.045796,16.043624
0.679000,16.056576,16.054399
0.680000,16.067361,16.065181
0.681000,16.078153,16.075968
0.682000,16.088950,16.086762
0.683000,16.099754,16.097561
0.684000,16.110563,16.108366
0.685000,16.121378,16.119177
0.686000,16.132199,16.129993
0.687000,16.143025,16.140816
0.688000,16.153858,16.151644
0.689000,16.164696,16.162479
0.690000,16.175541,16.173319
0.691000,16.186391,16.184165
0.692000,16.197247,16.195017
0.693000,16.208109,16.205874
0.694000,16.218977,16.216738
0.695000,16.229850,16.227608
0.696000,16.240730,16.238483
0.697000,16.251615,16.249364
0.698000,16.262507,16.260252
0.699000,16.273404,16.271145
0.700000,16.284307,16.282043
0.701000,16.295216,16.292948
0.702000,16.306131,16.303859
0.703000,16.317051,16.314775
0.704000,16.327978,16.325698
0.705000,16.338911,16.336626
0.706000,16.349849,16.347560
0.707000,16.360793,16.358501
0.708000,16.371743,16.369447
0.709000,16.382699,16.380398
0.710000,16.393661,16.391356
0.711000,16.404629,16.402320
0.712000,16.415603,16.413290
0.713000,16.426583,16.424265
0.714000,16.437568,16.435246
0.715000,16.448560,16.446234
0.716000,16.459557,16.457227
0.717000,16.470560,16.468226
0.718000,16.481569,16.479231
0.719000,16.492585,16.490242
0.720000,16.503606,16.501258
0.721000,16.514632,16.512281
0.722000,16.525665,16.523310
0.723000,16.536704,16.534344
0.724000,16.547749,16.545385
0.725000,16.558799,16.556431
0.726000,16.569856,16.567483
0.727000,16.580918,16.578541
0.728000,16.591986,16.589605
0.729000,16.603060,16.600675
0.730000,16.614140,16.611751
0.731000,16.625226,16.622833
0.732000,16.636318,16.633921
0.733000,16.647416,16.645014
0.734000,16.658520,16.656114
0.735000,16.669630,16.667219
0.736000,16.680746,16.678331
0.737000,16.691867,16.689448
0.738000,16.702995,16.700571
0.739000,16.714128,16.711700
0.740000,16.725267,16.722836
0.741000,16.736413,16.733977
0.742000,16.747564,16.745124
0.743000,16.758721,16.756277
0.744000,16.769884,16.767435
0.745000,16.781053,16.778600
0.746000,16.792228,16.789771
0.747000,16.803409,16.800947
0.748000,16.814596,16.812130
0.749000,16.825789,16.823319
0.750000,16.836988,16.834513
0.751000,16.848192,16.845713
0.752000,16.859403,16.856920
0.753000,16.870620,16.868132
0.754000,16.881842,16.879350
0.755000,16.893071,16.890574
0.756000,16.904305,16.901805
0.757000,16.915545,16.913041
0.758000,16.926792,16.924283
0.759000,16.938044,16.935531
0.760000,16.949302,16.946785
0.761000,16.960566,16.958045
0.762000,16.971836,16.969310
0.763000,16.983113,16.980582
0.764000,16.994395,16.991860
0.765000,17.005683,17.003144
0.766000,17.016977,17.014433
0.767000,17.028277,17.025729
0.768000,17.039582,17.037030
0.769000,17.050894,17.048338
0.770000,17.062212,17.059651
0.771000,17.073536,17.070971
0.772000,17.084866,17.082296
0.773000,17.096201,17.093628
0.774000,17.107543,17.104965
0.775000,17.118891,17.116308
0.776000,17.130245,17.127658
0.777000,17.141604,17.139013
0.778000,17.152970,17.150374
0.779000,17.164341,17.161742
0.780000,17.175719,17.173115
0.781000,17.187102,17.184494
0.782000,17.198492,17.195879
0.783000,17.209887,17.207270
0.784000,17.221289,17.218667
0.785000,17.232696,17.230070
0.786000,17.244110,17.241479
0.787000,17.255529,17.252894
0.788000,17.266954,17.264315
0.789000,17.278386,17.275742
0.790000,17.289823,17.287175
0.791000,17.301267,17.298614
0.792000,17.312716,17.310059
0.793000,17.324171,17.321510
0.794000,17.335633,17.332967
0.795000,17.347100,17.344430
0.796000,17.358573,17.355899
0.797000,17.370052,17.367374
0.798000,17.381538,17.378855
0.799000,17.393029,17.390342
0.800000,17.404526,17.401835
0.801000,17.416030,17.413333
0.802000,17.427539,17.424838
0.803000,17.439054,17.436349
0.804000,17.450575,17.447866
0.805000,17.462103,17.459389
0.806000,17.473636,17.470918
0.807000,17.485175,17.482453
0.808000,17.496721,17.493994
0.809000,17.508272,17.505540
0.810000,17.519829,17.517093
0.811000,17.531392,17.528652
0.812000,17.542962,17.540217
0.813000,17.554537,17.551788
0.814000,17.566118,17.563365
0.815000,17.577706,17.574948
0.816000,17.589299,17.586537
0.817000,17.600899,17.598132
0.818000,17.612504,17.609733
0.819000,17.624115,17.621340
0.820000,17.635733,17.632953
0.821000,17.647356,17.644572
0.822000,17.658986,17.656197
0.823000,17.670621,17.667828
0.824000,17.682263,17.679465
0.825000,17.693910,17.691108
0.826000,17.705564,17.702757
0.827000,17.717223,17.714412
0.828000,17.728889,17.726073
0.829000,17.740561,17.737740
0.830000,17.752238,17.749413
0.831000,17.763922,17.761093
0.832000,17.775612,17.772778
0.833000,17.787307,17.784469
0.834000,17.799009,17.796166
0.835000,17.810717,17.807870
0.836000,17.822431,17.819579
0.837000,17.834150,17.831294
0.838000,17.845876,17.843016
0.839000,17.857608,17.854743
0.840000,17.869346,17.866477
0.841000,17.881090,17.878216
0.842000,17.892840,17.889962
0.843000,17.904596,17.901713
0.844000,17.916358,17.913471
0.845000,17.928126,17.925234
0.846000,17.939901,17.937004
0.847000,17.951681,17.948780
0.848000,17.963467,17.960562
0.849000,17.975259,17.972349
0.850000,17.987058,17.984143
0.851000,17.998862,17.995943
0.852000,18.010673,18.007749
0.853000,18.022489,18.019561
0.854000,18.034312,18.031379
0.855000,18.046140,18.043203
0.856000,18.057975,18.055033
0.857000,18.069816,18.066869
0.858000,18.081662,18.078711
0.859000,18.093515,18.090560
0.860000,18.105374,18.102414
0.861000,18.117239,18.114274
0.862000,18.129110,18.126141
0.863000,18.140987,18.138013
0.864000,18.152870,18.149892
0.865000,18.164759,18.161776
0.866000,18.176654,18.173667
0.867000,18.188555,18.185564
0.868000,18.200463,18.197466
0.869000,18.212376,18.209375
0.870000,18.224295,18.221290
0.871000,18.236221,18.233211
0.872000,18.248152,18.245138
0.873000,18.260090,18.257071
0.874000,18.272034,18.269010
0.875000,18.283983,18.280955
0.876000,18.295939,18.292906
0.877000,18.307901,18.304864
0.878000,18.319869,18.316827
0.879000,18.331843,18.328796
0.880000,18.343823,18.340772
0.881000,18.355809,18.352753
0.882000,18.367801,18.364741
0.883000,18.379800,18.376735
0.884000,18.391804,18.388734
0.885000,18.403814,18.400740
0.886000,18.415831,18.412752
0.887000,18.427853,18.424770
0.888000,18.439882,18.436794
0.889000,18.451917,18.448824
0.890000,18.463957,18.460860
0.891000,18.476004,18.472903
0.892000,18.488057,18.484951
0.893000,18.500116,18.497005
0.894000,18.512181,18.509066
0.895000,18.524253,18.521133
0.896000,18.536330,18.533205
0.897000,18.548413,18.545284
0.898000,18.560503,18.557369
0.899000,18.572598,18.569460
0.900000,18.584700,18.581557
0.901000,18.596807,18.593660
0.902000,18.608921,18.605769
0.903000,18.621041,18.617884
0.904000,18.633167,18.630005
0.905000,18.645299,18.642133
0.906000,18.657437,18.654266
0.907000,18.669581,18.666406
0.908000,18.681731,18.678551
0.909000,18.693888,18.690703
0.910000,18.706050,18.702861
0.911000,18.718219,18.715025
0.912000,18.730394,18.727195
0.913000,18.742574,18.739371
0.914000,18.754761,18.751553
0.915000,18.766954,18.763741
0.916000,18.779153,18.775936
0.917000,18.791358,18.788136
0.918000,18.803569,18.800343
0.919000,18.815787,18.812555
0.920000,18.828010,18.824774
0.921000,18.840240,18.836999
0.922000,18.852475,18.849230
0.923000,18.864717,18.861467
0.924000,18.876965,18.873710
0.925000,18.889219,18.885959
0.926000,18.901479,18.898215
0.927000,18.913745,18.910476
0.928000,18.926017,18.922744
0.929000,18.938295,18.935017
0.930000,18.950580,18.947297
0.931000,18.962870,18.959583
0.932000,18.975167,18.971875
0.933000,18.987470,18.984173
0.934000,18.999778,18.996477
0.935000,19.012093,19.008787
0.936000,19.024414,19.021104
0.937000,19.036742,19.033426
0.938000,19.049075,19.045755
0.939000,19.061414,19.058089
0.940000,19.073760,19.070430
0.941000,19.086111,19.082777
0.942000,19.098469,19.095130
0.943000,19.110833,19.107489
0.944000,19.123203,19.119854
0.945000,19.135579,19.132226
0.946000,19.147961,19.144603
0.947000,19.160349,19.156987
0.948000,19.172744,19.169376
0.949000,19.185144,19.181772
0.950000,19.197551,19.194174
0.951000,19.209963,19.206582
0.952000,19.222382,19.218996
0.953000,19.234807,19.231416
0.954000,19.247238,19.243843
0.955000,19.259675,19.256275
0.956000,19.272119,19.268714
0.957000,19.284568,19.281158
0.958000,19.297024,19.293609
0.959000,19.309485,19.306066
0.960000,19.321953,19.318529
0.961000,19.334427,19.330998
0.962000,19.346907,19.343474
0.963000,19.359393,19.355955
0.964000,19.371886,19.368443
0.965000,19.384384,19.380936
0.966000,19.396889,19.393436
0.967000,19.409399,19.405942
0.968000,19.421916,19.418454
0.969000,19.434439,19.430972
0.970000,19.446968,19.443497
0.971000,19.459503,19.456027
0.972000,19.472044,19.468563
0.973000,19.484592,19.481106
0.974000,19.497145,19.493655
0.975000,19.509705,19.506210
0.976000,19.522271,19.518771
0.977000,19.534843,19.531338
0.978000,19.547421,19.543911
0.979000,19.560005,19.556491
0.980000,19.572595,19.569076
0.981000,19.585192,19.581668
0.982000,19.597794,19.594266
0.983000,19.610403,19.606870
0.984000,19.623018,19.619480
0.985000,19.635639,19.632096
0.986000,19.648266,19.644718
0.987000,19.660899,19.657347
0.988000,19.673539,19.669981
0.989000,19.686184,19.682622
0.990000,19.698836,19.695269
0.991000,19.711494,19.707922
0.992000,19.724158,19.720581
0.993000,19.736828,19.733246
0.994000,19.749504,19.745918
0.995000,19.762186,19.758595
0.996000,19.774875,19.771279
0.997000,19.787569,19.783969
0.998000,19.800270,19.796665
0.999000,19.812977,19.809367
